         1.054914474712484
         0.981110508353522
        0.9529249812936463
        0.8809400837498145
        0.8164925937724484
        0.7835523247809871
        0.6936230674702115
        0.5309457106211647
        0.4644208837046176
        0.4093167824197192
        0.3928474306878753
        0.3705355097117383
        0.3894109323364585
        0.3789995209528356
        0.3621721969100947
         0.381449074905442
        0.3844530646626831
          0.39997874338805
        0.4467872695091668
         0.498370140798416
          0.56311930666058
        0.7211489203119508
        0.7658625458373711
        0.8405394724622535
        0.8917191491727701
        0.9493214371863119
         1.000542768129409
         1.061131076935223
          1.10930234210324
         1.121767960102146
         1.125732537122368
         1.194450029370106
         1.254378090928546
         1.264628931727936
         1.356894145947124
         1.485324622750365
         1.673989882356066
         1.794657708499959
         1.879214796054616
         1.872001825281119
         1.746226161851527
         1.788765497222461
          1.85896427142625
         1.907644025157971
         2.037292437405146
         2.154660443185047
         2.178039562872016
         2.200662025385343
         2.221008198000629
         2.180961265764673
         2.103673021925375
         2.025421260229686
         1.893358748941558
         1.874940919950014
         1.926250286365875
         2.024446368706869
         2.047956436743898
         2.024731405627985
         2.026711154429978
         2.080522291997055
         2.129877231059552
          2.22893688651039
          2.21300743726678
         2.311974841561278
         2.477951413442804
         2.576794045126841
         2.744587654512935
         2.864488954893703
         3.023844968138042
         3.129051309239252
         3.065485298595078
         3.018302568654178
          2.94810140069461
         2.896091996982492
          2.95471031833107
         2.894567511843792
         2.710630060983976
         2.557631735580296
         2.394327607588072
         2.215210394070227
         2.056816936500514
         1.901835351568724
         1.825366620932212
         1.771239934712914
         1.580391292065354
         1.554114647507636
         1.548983200921172
         1.335667064310114
         1.232259839466242
           1.1128458257397
        0.5120929266864371
        0.5528287930928659
        0.5953419293671683
        0.6192442198118815
        0.6212766011873417
        0.6408785695581796
        0.6393467885955477
        0.5999433213071876
        0.5543132059320335
        0.5099479231407941
        0.4973779496179217
        0.4334122556489006
        0.4853399882577604
        0.3985368012510029
        0.4543797795326718
        0.5088199359265092
         0.418294873278288
        0.4937289944839933
        0.5340503722318196
        0.5617471209739736
          0.59738365091685
        0.4216824386926055
        0.4555738942878674
        0.5138855650673224
        0.5757216125272685
        0.6281319249447014
        0.6590159491917379
        0.3780089280963038
        0.3847556607435584
        0.5705444588190697
         0.617409558106285
        0.6598894136102134
        0.3721420391697365
        0.4149197048463814
        0.7099168585245776
        0.7257197027221057
        0.3746453279341849
         0.397796106350188
        0.4639500292431787
        0.5579921277207867
        0.6925226175574904
        0.7548291801976179
        0.3980302455738387
        0.4968360810230369
        0.6202464814005212
        0.7457565783583739
        0.7489612356630889
        0.7872505959998641
           0.3780778560173
         0.403890744825364
         0.435930548230238
        0.4405988959018159
        0.6687549234666809
        0.7964306534212648
        0.7915818632474418
        0.3839900208059732
        0.3967066431143481
        0.4357892598523301
        0.4892758758894029
        0.6276288490242118
        0.4142436593325665
        0.4580288060678127
        0.5645324768903529
        0.7163678862276877
        0.7674646056897887
        0.8019736558147913
        0.3817162153400633
        0.3852874478329591
        0.4081083926976384
        0.4174723816042663
        0.5053877512979373
        0.5516994886306114
        0.7268062897305901
        0.7760183559898058
        0.8086926984179779
        0.3668674091323148
        0.3730649256160166
        0.4172016297230036
        0.4538393866822085
        0.5002316474020549
        0.5300996798430159
        0.5871834043635245
        0.6160493005071308
        0.6919670172725366
        0.7855701539460329
        0.8360229753545192
         1.939844678555014
         2.017955768637529
         2.149420624867638
        0.3669002852297403
         0.389608919948905
        0.4667557608968266
        0.4869313892260232
         0.530878482628336
        0.5745385799862749
        0.5535272303995963
        0.6215230046780471
        0.6213858747328584
         0.674938755366314
        0.8247060364329742
        0.8586212602545535
         1.852100655994713
         1.875285126023873
         1.998040919988873
         1.980517745967563
         2.206530720441501
        0.3756475396801863
          0.37123375839855
        0.3906018013137566
        0.4151173424651792
        0.4517744204072314
        0.4706492357148627
        0.6653540369837833
        0.7694894451598692
        0.8502154553457237
         1.876450677968434
         1.930444114835272
         2.075469038021764
         2.120294433981794
         2.289684084104858
         2.275976245131192
          2.33906658801419
         2.449073644668714
        0.4059830431310789
        0.4091165268148092
        0.5034429670269291
        0.6455394262077347
        0.7502403335880656
        0.8900280427164979
        0.9036802218923421
         1.788921386377569
         1.806735876912625
         1.958326758371763
         1.942880325954685
         2.040227864843344
         2.143864494073202
         2.190636109451022
         2.501207581678142
        0.3824576682129154
        0.4076497809485803
        0.4854860669537966
        0.5311451083364592
        0.6270339351989812
        0.6880584488949961
        0.7223208281324154
        0.8403818415678288
        0.8272240605244937
         0.929405568284476
         1.723862183958579
         1.748144619308309
         1.834201767614632
         1.862143323609113
         2.052037103324511
         2.240551827189758
         2.300294808869499
         2.382917642466438
          2.47789239724412
         2.605997922302556
        0.3940206538201366
        0.3890718754949289
        0.4232893988547985
        0.4104997256836569
        0.4463545245284539
         0.494948915543962
        0.5273042075007333
        0.5694138145169712
        0.6339714775120919
        0.6624866939538129
        0.8871238242807595
        0.9234039131814976
         0.961496600670696
         1.671909889884486
         1.697988926719691
         1.764151013435234
         1.814578765961653
         2.000916008749278
          2.19335270720437
         2.260883113761348
         2.365878246022019
         2.418736140932643
         2.388944227003092
         2.563194695746094
        0.4253849960161189
        0.4503076185822001
        0.5669241527637927
        0.5834960055653473
        0.6191550851263107
        0.6564264637429804
         0.677097526361692
        0.7071644719053998
        0.7232167128587248
        0.9427441094122456
        0.9701625361586161
         1.624716854064791
         1.648702086550807
         1.719438925672732
         1.800064806147198
         1.918331990595748
         2.127338077375001
         2.157099545994842
         2.472954467451872
         2.543337187478437
         2.656301773903612
          2.77082979357413
        0.4232308692386493
        0.4507067654577703
        0.4706110955268916
        0.5779257498566983
        0.5335854060474774
        0.6041729473571809
        0.6399462885178373
         0.672549348547645
        0.7827283117900149
        0.9205212940320553
        0.9690086985716498
         1.602253945829628
           1.6495917145308
         1.684089018793793
         1.756371550664403
         1.897754048553351
         1.973339560367756
         2.104702284390972
         2.180953832404287
         2.509501959815394
         2.634197741630004
        0.4724311605181604
        0.4757073455906038
        0.5111933483721152
        0.5156784256307531
        0.5167077846334224
         0.618829932199927
        0.6676157370680954
        0.7830642565070713
         1.571314552679084
         1.622284959513348
         1.909776533070899
         1.983971129568659
         2.220432660035037
         2.706209986356023
         2.833088332043624
         2.913092996573171
        0.5480860423148471
        0.5698535268234036
        0.6688145842586379
        0.6164664961246816
        0.7046503583182278
        0.8418177744443713
        0.8921736924040227
        0.8912102837154962
         1.004556232831247
         1.562875229333778
         1.672149979927122
         1.710095749534314
         1.987904992171478
         2.039526629296279
         2.541683274641851
         2.598576608079792
         2.627041616813237
         2.803186702574387
         2.933793990255418
        0.5320834389405644
        0.5875199864600736
        0.5853362025341448
        0.6242869008906146
        0.7378967243882444
        0.9180396478952029
        0.9644156234472629
        0.9802707649876087
         1.009047191583797
         1.035298081466623
         1.027477761810007
         1.551423257661507
          1.60198742899947
         1.805511069944728
          1.85693620263523
         1.955233346404986
         2.630733442650337
         2.704810223672091
         2.731037182881226
         2.821538464577701
         2.856546824104524
        0.6148457990600977
         0.641639982498906
        0.7263240868785801
        0.7070210141073563
        0.7542047355913843
        0.7642355811996118
         1.055791767505918
          1.08033055235198
         1.150829973089731
         1.596787415935816
         1.604924662113829
         1.765397558743575
         1.910221097583699
         1.998055646848504
         2.030722246837227
         2.773358434064405
         2.869139395118861
         2.921121533178557
        0.6646409850856222
        0.7030228819033676
        0.7616009832042235
        0.8117730713875133
         0.805794514022801
        0.8799170720051955
         1.116732841620753
         1.114001877194686
         1.166192887649346
         1.191897268323288
         1.489298217188369
         1.541150517286432
         1.549811128782165
         1.670035210386597
         1.899743296435521
          1.86977510830811
         1.948722908308932
         1.974808919967709
         2.687306227097621
         2.839325832918158
         2.949102878352888
         0.667077376014565
        0.6952925224408144
        0.7349137357655456
        0.7496515934892978
        0.7904228548083554
        0.8000821785003371
         0.821004964669614
        0.8579426018623076
         1.016720576532579
         1.200624276397415
         1.226726884328951
         1.283948573650519
         1.268561482773148
         1.302046695828732
         1.368513421547923
         1.403263665080227
         1.454487751153785
         1.618386716022212
         1.785360834414532
          1.83149714406321
         2.785125418447833
         2.958083820433727
        0.8656093149648099
        0.9132472001449587
        0.9367516682397798
         1.289889524255207
         1.335465703405034
         1.371358997493308
         1.453192203401302
         1.523978864756816
         1.725620291858658
         1.831593804386822
         1.860154807135081
          3.03399594376911
        0.9592073617868412
         1.001298372987377
         1.003816847591794
         1.146936338913746
         1.385118239769344
         1.420769986933865
         1.602808886081902
         1.923855241572435
         2.841041307879566
         2.946846947381327
         3.049913898350368
          1.02974936714956
         1.047272596387653
         1.081928415336677
         1.260741004027658
         1.497684945225849
         1.614270236630208
         1.895509188289611
         1.959610832683824
         2.918470983694283
         3.017459944363647
         1.083776472153435
         1.117851493090803
         1.124781179224126
         1.188722777071087
         1.197967165031228
         1.373184480468534
         1.433160847428661
         1.537856263757593
         1.991931182971427
         3.084686179870046
         1.309630501954922
         1.701710878810773
         1.831983765662327
         1.944095332998935
         2.050631346031894
         2.972069070828568
         3.074137176597812
         3.106703966331022
         1.114798889084603
         1.170771191178052
         1.269590137330509
         1.516486842648225
         1.908531602850867
         1.999835094623793
         1.164740913489343
         1.683801747223631
         1.938478991768118
          2.01668617459025
         2.077449816154807
         1.144237389791413
         1.488197437781447
          1.79321572800055
         2.027018980689297
         2.067968858727541
         1.195406958037257
         1.253671762634739
         2.011642893284061
         2.116887071730409
         1.157629883036938
         1.203418804296235
          1.88541406755507
         2.089979080834326
         2.131353339906759
         1.822055004291233
         1.718237426198024
         1.876939845650058
         2.101779740009711
         2.148480852819626
         1.233111459105798
         1.215008634873509
         1.244740352207798
         1.276008973329864
         1.366573766307293
         1.648675618239596
          2.02108683170569
         2.107357614647579
         2.165471463378766
         1.284337349775024
         1.282746209708903
         1.328086742997895
         1.413677217620583
         1.922157335524928
          2.03570832104646
         2.131643229945872
         2.136010218451724
         2.193341319705708
         1.259806625340773
         1.333722399217087
         1.428502348403694
         1.728433532622761
         2.130252231319059
         2.207705428757027
         1.299260530104469
         1.318193468364358
          1.41447958152539
         1.580175165355251
         2.050422954898476
         2.154622140098066
         2.214620721088171
         1.345486100048691
         1.394107421582335
         1.993877483838796
         2.207835319672563
         1.399966666597117
         1.406179142854666
         1.532488515060934
         1.700751117060234
         1.811548680397085
         1.942771524489048
         2.111060092743494
         2.203759617431295
         1.440197835375107
          1.46969029237489
         1.476153542681818
         1.583622788611773
           1.8021537533514
         1.917681277857337
         2.192354293136948
         2.145460115584043
          1.69389141674983
         1.853857516208306
         2.028867094591582
         2.109946057841988
         1.526288039690806
         1.551597641548526
         1.627387020745298
         1.646147054434201
         1.811598725642222
         1.878317298334852
          1.93571994855347
          2.05564135297459
         2.152787038459111
         2.184811562479441
         1.516535745841754
         1.567252798608473
         1.711885425234816
          1.72880684367756
         1.764658630735625
          1.83510450407036
         1.780901931471305
         1.875242163374905
         1.990170391485261
         1.992079369800736
         2.074775710139847
         2.113443634651004
         2.094517164794349
          2.16197381709629
         1.559842949719629
         1.595687077364468
         1.664065868166736
         1.698692843893525
          1.77000528622184
         1.812177606217918
         1.597774372826501
         1.616778031426744
          1.66415660521343
         1.726589219360254
         1.738368386751919
         1.765404261771131
         1.630180718985733
         1.680866616558381
         1.774207820671266
         1.790208253198913
         1.714088445782112
         1.683458141131002
         1.761135587954533
         1.835002960770177
         1.810593108059627
         1.755022221134598
         1.747309955058772
         1.808518096553115
         1.834342891417594
         1.830675957504869
          1.82155169734413
         1.875984133542579
         1.873590144028649
