         1.054914474712485
        0.9811105083535899
        0.9529249812936502
        0.8809400837497872
        0.8164925937724092
        0.7835523247809905
        0.6936230674702003
        0.5309457106211671
        0.4644208837046158
        0.4093167824197182
        0.3928474306878778
        0.3705355097117885
        0.3894109323364626
        0.3789995209528398
        0.3621721969101014
        0.3814490749054465
        0.3844530646626828
        0.3999787433880521
        0.4467872695091598
        0.4983701407984464
        0.5631193066605985
        0.7211489203119498
        0.7658625458373648
        0.8405394724622579
        0.8917191491727821
        0.9493214371863093
         1.000542768129438
          1.06113107693524
         1.109302342103283
         1.121767960102194
         1.125732537122275
         1.194450029370259
         1.254378090928573
         1.264628931727973
         1.356894145947144
         1.485324622750349
         1.673989882356068
         1.794657708499959
         1.879214796054621
         1.872001825281105
         1.746226161851508
         1.788765497222466
         1.858964271426263
         1.907644025157978
          2.03729243740513
         2.154660443185044
         2.178039562872018
         2.200662025385361
         2.221008198000633
         2.180961265764682
         2.103673021925244
         2.025421260230059
         1.893358748941479
         1.874940919949987
         1.926250286365862
         2.024446368706973
         2.047956436743968
         2.024731405627989
         2.026711154429981
          2.08052229199706
         2.129877231059552
          2.22893688651039
         2.213007437266763
         2.311974841561276
         2.477951413442743
         2.576794045126844
         2.744587654513026
         2.864488954893674
         3.023844968138042
         3.129051309239252
         3.065485298595092
         3.018302568654186
         2.948101400694622
         2.896091996982476
         2.954710318331154
         2.894567511843789
         2.710630060983937
         2.557631735580197
         2.394327607588061
         2.215210394070264
          2.05681693650047
         1.901835351568727
         1.825366620932208
         1.771239934713035
         1.580391292065292
         1.554114647507641
         1.548983200921186
         1.335667064310109
         1.232259839465944
         1.112845825739698
        0.5120929266864418
        0.5528287930928637
        0.5953419293671839
        0.6192442198118818
        0.6212766011872703
        0.6408785695581419
        0.6393467885955348
        0.5999433213072215
        0.5543132059320822
        0.5099479231407936
         0.497377949617923
        0.4334122556489047
        0.4853399882577666
          0.39853680125099
        0.4543677580000476
        0.5088199359265286
        0.4183076662495154
        0.4937312401591603
        0.5340742314841862
        0.5617471209739754
        0.5973836509168544
        0.4216586543679881
         0.455570345772304
        0.5138244300453587
        0.5756911851482609
        0.6281319249447014
         0.659015949191732
         0.378008928096246
        0.3847556607435902
        0.5705197949690375
         0.617423450169244
        0.6598693101922302
        0.3721420391697187
        0.4149183261067213
        0.7099107970768197
        0.7257197027221057
        0.3746453279341819
        0.3977615928442688
        0.4639996845673267
        0.5580650254036672
        0.6925327999274925
        0.7548291801976126
        0.3980536804188737
        0.4967630093607753
        0.6202533525948939
         0.745823700649364
        0.7489520413698931
        0.7872505959998641
        0.3780778560173023
        0.4038689393250295
        0.4359167073836417
        0.4405822264965636
        0.6686219735082388
        0.7964306534212462
         0.791581863247409
        0.3839900208059746
        0.3966837590595599
        0.4358303578629415
        0.4892799327275877
         0.627754770805499
        0.4142237453873399
        0.4580365932748229
        0.5645370519118817
        0.7163226419417353
        0.7674360625788437
        0.8019736558147913
        0.3817162153400627
        0.3852874478329561
        0.4080835891844849
        0.4174605497912386
        0.5054123237864104
        0.5516664650704162
         0.726770744153392
        0.7760447697185069
        0.8086926984179779
        0.3668674091322962
        0.3730649256160166
        0.4172292880130636
         0.453846988825172
        0.5002125543434841
        0.5300691262265887
        0.5871692044820441
        0.6160787592826297
        0.6917943370963747
        0.7855268106907345
        0.8360229753545215
         1.939844678554983
          2.01795576863759
         2.149420624867517
        0.3669002852297403
        0.3895977387445212
        0.4667170540215693
        0.4869282584648201
         0.530878482628336
         0.574538579986276
        0.5535301952806324
        0.6215319050080993
        0.6213241229155821
         0.675025423037794
        0.8246725576890334
        0.8586212602545535
         1.852100655994916
         1.875285126023873
         1.998042848723923
         1.980517745967563
         2.206516588209401
        0.3756475396801739
        0.3712337583985318
        0.3906074345741125
        0.4150928712443674
         0.451792829584255
        0.4706847605775173
        0.6653489804193959
        0.7695977572190504
        0.8501847310050934
          1.87646112194529
          1.93045722081581
         2.075485059280324
         2.120259002030741
         2.289673384986288
         2.275976245131184
         2.339062951853887
         2.449073644668697
        0.4059439879304057
        0.4091181757683549
        0.5034429670269291
        0.6455284644662815
        0.7502182486481723
        0.8900361054797432
        0.9036802218923432
         1.788921386377593
         1.806735876912626
         1.958359170853216
         1.942816082214221
         2.040276078192573
         2.143835015777214
         2.190674749739664
         2.501207581678142
         0.382457668212908
        0.4076516138721377
        0.4854490773456278
         0.531145108336463
        0.6270339351989894
        0.6880576082900021
        0.7221975172732332
        0.8403429438217203
        0.8272031449716224
        0.9294055682844844
         1.723862183958579
         1.748144619308278
         1.834152708185157
         1.862130146492465
         2.051964798076258
         2.240543866439856
         2.300282725189554
         2.382932766420829
         2.477904915560954
         2.605997922302556
        0.3940206538201255
        0.3890718754949154
        0.4232734889487331
        0.4104759432794948
        0.4463484916308383
        0.4949279190134381
        0.5273272989292651
        0.5694138145169511
        0.6339714775121124
        0.6625012980454024
        0.8871070769073889
        0.9234096940467227
         0.961496600670696
         1.671909889884478
         1.697988926719796
         1.764117325597576
         1.814589290579586
         2.000910329520732
         2.193329138061038
         2.260883113761348
         2.365878246022019
         2.418736140932658
         2.388951625173342
         2.563214117130938
        0.4254229326669675
        0.4503363744890235
        0.5669523101386825
        0.5834960055653473
        0.6191550851263107
        0.6564130444732876
        0.6770822540725219
        0.7071765608616591
        0.7231656438628358
        0.9427385154153807
        0.9701625361585219
         1.624716854064836
         1.648702086550782
         1.719466830431087
         1.800122893979234
         1.918364552310346
         2.127362828162376
         2.157082950490758
         2.472940287625584
         2.543324338000006
         2.656301773903584
         2.770829793574233
        0.4232308692386493
         0.450682932937028
         0.470585915763303
         0.577977225483069
        0.5334910363186162
        0.6041131239598642
        0.6400150768636599
        0.6725399848393951
        0.7828699000713785
        0.9205581149521206
        0.9689828059434135
         1.602253945829557
         1.649549460425134
         1.684092467554502
         1.756236628505353
         1.897731912504507
          1.97332063819915
         2.104702284390972
         2.180953832404287
         2.509501959815402
         2.634186466981311
        0.4724311605181599
        0.4756851361226519
        0.5112066670988858
        0.5156471161745799
        0.5167764052833964
        0.6187017224316429
        0.6675541144412972
        0.7829388466693052
         1.571314552679084
         1.622290720112753
         1.909729410598055
         1.984000319178005
         2.220432660035037
         2.706179960637087
         2.833088332043624
         2.913092996573061
        0.5480972265880553
        0.5698703616120374
        0.6688675705081266
        0.6164820762967804
        0.7045287694571138
        0.8418283528690568
        0.8923223791337196
        0.8910397890224501
         1.004556232831253
         1.562875229333776
         1.672098931338046
         1.710188147178534
         1.987876575879725
         2.039526629296279
         2.541683274641814
         2.598617414154867
         2.627013685448346
         2.803187198270119
         2.933793990255418
         0.532083438940533
        0.5875199864600731
        0.5852849735737214
        0.6243221363260613
        0.7379835717976836
        0.9179042248216962
        0.9644686133593783
        0.9800574309138782
         1.009017633073134
         1.035346924191147
         1.027477761810007
         1.551423257661482
         1.601968972839356
         1.805431944563018
         1.857001780950057
         1.955255054024062
         2.630733442650445
         2.704802592627737
         2.731064792890281
         2.821553679821067
         2.856538673177482
        0.6148457990601173
         0.641639982498906
        0.7263052595718786
        0.7069987567523208
         0.754111271909587
        0.7643435089729965
         1.055758040479872
         1.080316780674123
         1.150829973089574
         1.596754628237936
         1.604920379157477
          1.76540148601418
         1.910214586127869
         1.998055646848504
         2.030722246837227
         2.773348487593798
         2.869120564820532
         2.921121533178557
        0.6646531193216737
        0.7030100813731747
        0.7616338304887115
        0.8117730713875135
        0.8057026735229653
        0.8799609716770247
         1.116652062244189
         1.114006677479094
         1.166206407204365
         1.191897268323812
         1.489298217188426
         1.541140876147851
         1.549811128782165
         1.670081784948843
         1.899743296435521
         1.869765640117283
         1.948722908308932
         1.974808919967709
         2.687306227097621
         2.839349826431841
         2.949092365016897
         0.667077376014565
        0.6952925224408144
        0.7349137357655456
        0.7496515934892978
        0.7904228548083554
        0.8000759899427702
        0.8209935848679585
         0.857936624252317
         1.016894803333465
         1.200630117891612
          1.22670544428351
         1.283957079084163
         1.268561482773237
         1.302046695828696
         1.368513421548042
         1.403263665079679
         1.454487751153592
         1.618431301612347
         1.785341364613711
         1.831523962498653
         2.785125418447867
         2.958097860207978
        0.8656093149648099
        0.9132472664110188
        0.9367531369540467
         1.289903226651289
         1.335456090299429
         1.371329883602662
         1.453171527817722
         1.523980439127008
         1.725605577936854
         1.831567674104744
         1.860142152110591
          3.03399594376911
         0.959178904171028
         1.001280724024914
         1.003780863782916
         1.146905512747998
          1.38504332403613
         1.420740114626179
         1.602742292589151
         1.923855241572417
         2.841042126871157
         2.946828314167472
         3.049913898350368
         1.029749367149654
         1.047303229019224
         1.081894815167391
         1.260749187077889
         1.497700560878451
         1.614303790416152
         1.895473514831677
         1.959610832683816
         2.918470983694283
         3.017471840823871
         1.083736920572085
         1.117854590009342
         1.124766309882358
         1.188713114979328
         1.197902019420859
         1.373125245278663
         1.433215890371098
         1.537648472613589
         1.991931182971427
         3.084686179870046
         1.309760245038107
         1.701633956502437
         1.832030993966932
         1.944111206941526
         2.050631346031693
         2.972069070828568
         3.074137176597812
         3.106703966331022
         1.114798889083841
         1.170806093946531
         1.269539396533677
         1.516498074021177
         1.908461106368357
         1.999818031383308
         1.164733476485341
         1.683917224790978
         1.938465725885963
         2.016731403869853
         2.077449816154828
         1.144230051837516
         1.488055683219315
         1.793264915055026
         2.026950498631661
         2.067961680156403
         1.195438480258801
         1.253639047545964
         2.011650789905739
         2.116887071730409
         1.157629883036938
         1.203378878403338
         1.885335252954554
         2.089989751670582
         2.131353339906702
         1.821880398298657
         1.718456696610452
         1.876791085381341
         2.101738413005851
         2.148480852819626
          1.23311145910579
         1.215008634873541
         1.244715570110652
         1.275963611917927
         1.366588053582445
         1.648832022983422
          2.02114698626911
         2.107343383358778
         2.165471463378779
          1.28432507282943
         1.282732484775828
         1.328175647056953
          1.41362951997471
         1.922123662860623
         2.035765767706809
         2.131601071090846
         2.135976463916013
         2.193341319705708
         1.259806625340773
          1.33368231135652
         1.428286025680908
         1.728306547119921
         2.130229769854895
         2.207705428757027
         1.299260530104476
         1.318197497657505
         1.414474660561494
          1.58031761289923
         2.050376259580335
         2.154582942916221
         2.214620721088171
         1.345447356517745
         1.394163202549856
          1.99394546702427
         2.207835319672563
         1.399966666597086
         1.406189018730234
         1.532511666475656
         1.700737313090796
         1.811520546380941
         1.942788892989673
         2.111031426532198
         2.203759617431287
         1.440197835375093
         1.469713481871733
         1.476015935021893
         1.583703307613435
         1.802145096994519
         1.917654375085274
         2.192354293136948
         2.145465922806713
         1.693844769346521
         1.853887597838333
         2.028886419489796
         2.109917862496654
         1.526255963057046
         1.551657408724421
         1.627338516373071
          1.64611205467434
         1.811581825884833
         1.878295554864738
         1.935716326914576
         2.055598014642272
         2.152810192904088
         2.184811562479441
         1.516535745841707
         1.567262857440567
         1.711895018928269
         1.728812265290789
         1.764650510013773
          1.83510450407036
         1.780897755805873
         1.875242163374905
         1.990170391485258
         1.992064957880709
         2.074775710139847
         2.113443634651003
         2.094499673437981
          2.16197381709629
         1.559842949719627
         1.595684076847563
         1.664046920290728
         1.698690446094954
          1.77000528622184
         1.812177606217918
         1.597774372826468
         1.616719136779395
         1.664187935476503
         1.726612775666711
         1.738346118014354
         1.765404261771131
         1.630180718985758
         1.680916741948132
         1.774198092798231
         1.790208253198913
         1.714088445782113
         1.683424655964206
         1.761067179554187
         1.835002960770169
         1.810593108059627
         1.755022221134604
         1.747298424927028
         1.808555713288393
         1.834345807085925
          1.83067595750487
         1.821515397725089
         1.875984133542579
         1.873590144028649
