     9.998109786086461e-10
     4.377549067549643e-09
     3.797083168158738e-09
     2.571164037716017e-09
     1.901070493574543e-09
     3.026588797369989e-10
     1.179063788490587e-09
     5.033278387033971e-10
     2.006274830215775e-10
     2.901981601723978e-09
     2.825567370966202e-10
     2.057767110671524e-09
     1.836981753051543e-09
     3.454522114521664e-09
     3.649585501601078e-09
     8.415154283906532e-12
     4.108329870553133e-09
        0.2774523764695841
         0.164117001323321
        0.5306444652641378
        0.5059249762478917
       0.01261750859955728
        0.4128040408646777
     3.438788865931332e-11
     1.191538431525929e-09
       0.06381661882453549
        0.1249010039392031
        0.5501118249825254
        0.4087341261461776
        0.3255623643941652
        0.0351964842943116
        0.7310179628598884
         0.687211244544438
        0.6416271681800768
        0.3076960085806967
        0.4789169002018687
        0.9500052075810215
        0.9263962488363124
        0.6659060917007081
        0.0259554355609427
     2.629162948345703e-09
     1.680066629016968e-09
        0.1384046529967233
        0.2424242260037625
       0.07014819018084442
        0.4472496882668804
        0.9373473832991654
         1.078833215498545
        0.8152613187275211
        0.5799300532685122
        0.8702140906722344
        0.5180944485751303
         1.079308405485508
        0.3741494228721079
        0.2263009180829185
       0.01803859140943554
     4.116885363969256e-09
     3.495093636788807e-09
        0.6501200333718149
         1.068410540622472
        0.1121770207650119
         0.475552006496314
       0.04672336550489985
         1.134334960354773
        0.8207160030845269
        0.6115068801734864
        0.7070117342102873
        0.4520374095409451
        0.4032970952863085
        0.8613922926903244
        0.2133543040912343
     5.232943583956291e-10
     1.620012463048756e-09
       0.01367998609334296
        0.3722554841349651
         1.065223228012385
        0.8354058499662121
        0.3627388270411661
     2.687406093951764e-09
     9.864142070545625e-10
     3.515782307887716e-09
     3.310894802723873e-09
      2.05080944100689e-09
     3.914573474631877e-09
     4.325822885808065e-09
     4.161213166522232e-09
     2.379047401338594e-09
        0.2442340624502067
        0.8406852063657385
     1.338063864690858e-09
     4.131838941012019e-09
        0.2574899248309374
      0.003117026658273673
        0.3528307308352411
        0.8991678993621935
     4.414565468269933e-09
      3.39096998711988e-09
     2.087795094244415e-09
     2.991681074568837e-09
     1.862252641227719e-09
     2.474318479678975e-09
     3.809770667190166e-09
     6.671978274916776e-10
        0.9396597592178451
        0.2703905775061893
        0.3096613988976943
      0.005226054684555955
        0.3486166770226495
         0.890548382638499
     4.016384985296223e-09
     3.484785449951994e-09
     4.182352453119148e-09
        0.7927066491601399
        0.1612790792670779
        0.5203733733697494
       0.01736037888068539
         0.638673737277437
         0.395183797982691
     3.110304121169177e-09
     4.344856371218078e-09
         1.048892255366582
        0.3101508827479689
        0.4238798657803414
        0.8479658359694665
       0.04303410889887491
        0.9488875291690613
        0.5950645035414999
       0.09944857220614098
        0.8248122931318199
          1.01201971573172
      9.84868115326113e-11
     2.788318017146815e-09
          0.58755588694496
        0.1890648074727582
        0.5384667634998964
       0.01994724531686229
        0.7788037534793953
        0.9116505271576433
        0.2712091144157618
        0.3708699378803363
       0.04931488917062665
        0.7421109292778517
        0.9998983370117949
        0.8983732734215018
        0.6529585934598774
       0.08966617820682565
     2.743515249000825e-09
      1.04682416542304e-09
        0.7435384471424016
        0.6300148332731359
        0.6187940893989833
        0.4095948090357572
        0.1173157130636313
       0.02052949363123874
     2.876491198519906e-09
     2.150874343263459e-09
       0.03886780481655838
        0.7770295680550733
        0.4633133196769477
        0.8624217648724081
        0.4902225637930176
        0.3908662054943756
        0.5027440707445842
       0.04803703253531231
     3.574117814419447e-09
     4.169550426364654e-09
     6.007095861894078e-10
     2.726155653110586e-09
     2.244455054858661e-09
     3.909917138036091e-09
       0.01595099063350505
        0.5638625236422207
        0.3724676242435115
        0.5837230826886727
       0.02276630647121428
        0.3083963422999391
        0.2417540515468956
       0.01992636203096138
     2.333638701260892e-09
     1.397623303999749e-09
        0.6994954731063721
     2.562388616877283e-09
     8.927473485833612e-10
     3.918818019884625e-09
     2.423799511134694e-09
       0.01014940498478379
        0.4299817817965673
        0.3174507504702815
     3.171359153909253e-09
     5.580212664024285e-10
        0.5881043834393784
       0.01667620042719526
     3.661819511947038e-10
     2.252520225017352e-09
       0.01234200526318945
        0.2048623729948679
        0.2707559769160228
        0.3820327080808069
        0.0161105743203137
        0.5460641708315743
      0.005624415366888935
       0.09612541456243029
        0.3201809744090923
        0.2547600042521381
        0.3049452928598565
        0.4849067896107079
        0.2667834384013165
       0.01592170092596602
       0.04081199248684472
     3.969650848403147e-10
     2.366513748160289e-09
       0.01061973630457398
      0.005728437254310958
        0.1495279656502869
        0.3909574607690834
        0.2523609314007835
        0.3762367212086489
       0.02345271614254322
        0.2053875340112548
        0.0712274663590219
        0.1512542499853936
       0.01079526635193728
        0.3111008806633822
        0.2433713718016164
        0.2877576111703328
      0.002300174242508795
     2.171301004662669e-09
     1.181294993667099e-09
       0.03547118717593006
      0.004434235862012533
        0.1906184038618232
        0.0672038706265841
        0.1431484249901046
        0.2285224414873149
       0.01437326005254896
       0.08931172685691365
       0.03392070760320995
     3.578361858042792e-10
     3.887915296495036e-09
     2.998662091480217e-10
      0.001137564328805155
        0.1533908697387284
        0.1651901490719218
     2.848473421806492e-09
     2.739174378582881e-09
        0.0185120123974245
     4.323076348583765e-09
     3.775220732972695e-09
     1.329657910350684e-09
     1.781308465571874e-10
     1.564719543438546e-10
     2.335918868578997e-09
          0.01575359393834
       0.08009497510405404
     6.930568043899357e-10
     3.031451168515052e-09
        0.0109657578951298
       0.01129819397460203
       0.05717476089944926
     0.0001982592246473314
     1.289547987200565e-09
     3.521485446156189e-09
     3.035916542987483e-09
      3.77186969395303e-09
     4.516320758268462e-09
     1.605041606213463e-09
       0.03432316528871428
      0.005159619465522244
     3.527416994352505e-09
     2.022323077239399e-09
      0.003118837105701542
     3.488041784150184e-09
     3.981479389876601e-09
     2.747165015982887e-09
      0.005432612523016213
       0.03006138198247307
     9.595550146641481e-05
         0.011530572302023
      0.001818252944087422
       0.00245539141567993
      0.009144662068355812
     0.0002293107254921536
      0.002054639196225306
       0.01787531811698944
      0.003075987047990355
     1.711626494976107e-09
     2.261276928895663e-09
      0.001352993779031393
      0.003747011976040926
      0.005072279014554963
     0.0007991797078748827
     0.0001442736283998161
       0.01297953843387076
      0.002819487477441041
      0.008404033064146407
      0.001425674971037804
      0.002611814418524261
      0.006404103306259848
     0.0003901588307779492
      0.002812011461669198
     4.245418575339412e-09
     3.170135523065618e-09
      0.001450001062247591
      0.007828062546463361
      0.001538360467878553
      0.003350628655046907
      0.004111568990195587
     0.0006659010453621682
     0.0001619460696453769
      0.001512954051250232
      0.005172338509277851
      0.003643266066732709
      0.000648357290709194
      0.001660606074781744
     0.0002910248303155871
      0.001838383185940111
       0.00307785046349677
     1.711981085504996e-09
     3.643373171364485e-09
     0.0007783323011688463
     0.0001128592908024418
      0.002344541288679317
      0.002052670870446249
     1.226367111060661e-09
     3.621801427652767e-09
     0.0003901421169573532
     2.751447351276531e-09
      1.61401332749729e-09
     4.237787139538621e-10
     4.427628589663843e-09
     0.0008143324549607744
     0.0001135124716111366
     1.727391914936632e-09
     1.735369906239449e-09
      0.001119988648232738
     0.0001848986492665135
     0.0009306589330079244
     0.0006986574586884239
      0.001123368163695224
     0.0008880963722458908
     0.0001542629313693694
     0.0003762844065556206
     1.226700264601204e-09
     6.609753354295409e-11
     3.144889587030443e-09
     4.279567366831959e-09
     7.504131331638738e-05
     0.0005710301530178191
      8.84763525339986e-10
     2.482365011581954e-09
     0.0005083246961925076
     9.604997439870381e-05
     0.0005325192303340645
     7.441110617792926e-05
     0.0003276258150914901
     0.0003571852148912875
     3.855979106449731e-09
     3.693982958772246e-09
      0.000212800543053389
      3.20825583486571e-05
     0.0001612008603581937
     3.774407102277818e-05
     0.0001472756851803087
     0.0001357796259701283
     3.478488537090727e-10
     8.210258648117517e-10
     4.887665668500269e-05
      0.000246847461839313
     0.0002529963353976577
     0.0002560567530187248
     4.777964327037302e-05
     4.176754515703567e-05
     9.361257312009398e-05
     7.403819200267707e-05
     0.0001407983393290039
     0.0001086942224341868
     1.764749410098017e-05
     0.0001156783922463845
     9.816933726210926e-05
     0.0001283457163417547
     1.803633112349071e-09
      1.41959731209838e-09
     3.415362703836487e-05
     2.590834476193319e-05
     0.0001239820653458669
     9.728220267930438e-05
     0.0001102517936877191
     2.423143218485881e-05
     3.708862866293176e-05
     7.750475747888262e-05
     5.430118241467987e-05
     7.167682842085203e-05
     6.588914693662006e-05
     3.245412318086389e-09
     8.803351029380697e-11
     9.774064650253631e-06
     5.095548094235516e-05
     4.749969592126772e-05
     1.955126914759802e-05
     5.750290993415008e-05
     2.286150483906365e-09
     4.326642988925172e-09
     4.212174360881527e-09
     3.667825013967774e-05
     2.451673277174627e-05
     1.799240996971819e-05
     3.948750251897635e-05
     2.076794809911651e-06
     1.111178123711286e-05
     8.293313477603697e-10
     6.739406777831211e-11
     2.048212659706703e-09
     1.468014139953545e-09
     1.584370077131211e-10
     3.320031972010724e-09
     4.561530015540908e-09
     1.571078886257142e-09
     1.826345233596597e-05
     9.368276563295259e-06
     7.930208929885622e-06
     1.399816031157038e-05
     3.624460344537622e-09
     3.437919423424557e-09
     2.221375733965014e-06
     4.302725457497513e-07
     1.222834091900618e-09
     3.749919454925768e-09
     1.799100967814001e-09
     3.065440375406283e-09
     1.030794166433625e-09
     3.276344094212597e-09
     2.700264958568225e-09
     1.962583077716305e-09
      4.20589263248113e-09
     8.922485022849124e-06
     6.890495641134085e-06
     4.675685868686017e-06
     3.594284723233414e-06
      2.97195660320664e-09
     4.510968002962334e-09
     3.966435249371261e-06
     2.222705101720455e-06
     5.880781318506008e-07
     1.560105983765337e-07
      2.98641553418848e-06
     2.533244314541317e-07
     5.850893298100676e-07
     1.981308690589831e-06
     4.819036140347174e-06
      1.47933743658125e-06
     7.240113645418736e-07
     1.894545756614031e-06
     2.546689070715202e-06
     4.021177364681154e-06
     2.373155850518508e-06
     1.136028831140867e-09
     4.606836402760747e-10
     1.460920357935618e-06
     2.707642003838598e-06
     1.338026267861752e-07
     3.422398305235533e-07
     2.187421945031697e-06
     2.796224765575061e-06
      6.78086232257964e-07
     1.294222725768041e-06
     3.478822557205701e-07
     1.647758645851921e-06
     1.585682751373783e-06
     7.101838036236236e-07
     1.582529837874208e-06
     5.763062650793602e-10
     4.555041304793254e-09
     1.511226023115516e-06
     1.141137412727848e-06
     2.212569201615032e-06
     9.558627357154576e-08
     1.607917296602367e-06
      2.49190223439876e-07
     1.223471208444571e-06
     7.076358969954129e-07
     1.305251116242145e-06
     3.666783137464731e-07
     8.637484423166955e-07
      9.51694263097606e-07
     2.724088364569103e-07
     8.403394571935302e-07
     1.163736289553632e-07
     2.939979093004643e-09
     2.633106692949738e-09
     4.825246259307269e-07
     6.540513920991755e-07
     2.869059252281047e-08
     9.130461881235543e-07
      6.90451587476191e-07
     1.183025865486569e-07
     2.108187485873509e-09
      2.41368884886516e-09
     1.013805580500291e-09
     1.554527514389014e-09
     3.119447934993553e-09
     2.389738640977446e-09
     1.303160710151933e-09
     3.435238416769987e-09
     4.551377974381552e-09
     3.134422328137735e-10
     3.892160749066403e-09
     2.990609996493449e-09
     2.170660566633797e-09
     4.149972399992758e-09
     1.133221435700028e-09
     3.629350123850462e-09
     3.225331058044405e-09
