                         0
                      0.25
                      0.25
                         1
        0.4849355770053043
                         1
                      2.25
         1.228906853692024
         1.228906853692024
                      2.25
                        16
                        20
                     18.25
                        17
                     16.25
                     12.25
                         9
                      6.25
                         4
         2.477100814035496
         1.969930925655219
         2.477100814035496
                         4
         12.48641371975613
                     16.25
         14.48623150230922
          13.2326552671041
         9.230856779690999
          6.47846511751786
         4.227353822357046
         3.217907241071854
         3.217907241071853
         4.227353822357046
                      6.25
         9.975149687655859
                        13
         11.23061787028369
          7.22169829288449
         4.969624793292756
         4.468256122243254
         4.969624793292756
          6.47846511751786
                         9
         8.477873992657811
                     10.25
          6.22522001202123
                     12.25
          6.22522001202123
          7.22169829288449
         9.230856779691001
                        16
                         8
         12.48641371975613
         8.477873992657811
         9.975149687655863
                     16.25
                     10.25
          13.2326552671041
         11.23061787028369
                        17
                        13
         14.48623150230922
                     18.25
                     16.25
                        20
